Dynamical matrix file
default                                                                    
  2    2   2  10.7725019   0.0000000   0.0000000   0.0000000   0.0000000   0.0000000
           1  'Na  '    20953.920860219390     
           2  'Cl  '    32313.432750931206     
    1    1      0.0000000000      0.0000000000      0.0000000000
    2    2     -0.5000000000      0.5000000000      0.5000000000

     Dynamical  Matrix in cartesian axes

     q = (   -0.333333333   0.333333333  -0.333333333 ) 

    1    1
  0.04220477   0.00000000    -0.01529208   0.00000000     0.01529208   0.00000000
 -0.01529208   0.00000000     0.04220477   0.00000000    -0.01529208   0.00000000
  0.01529208   0.00000000    -0.01529208   0.00000000     0.04220477   0.00000000
    1    2
 -0.00936518   0.01622097     0.00330814  -0.00572987    -0.00330814   0.00572987
  0.00330814  -0.00572987    -0.00936518   0.01622097     0.00330814  -0.00572987
 -0.00330814   0.00572987     0.00330814  -0.00572987    -0.00936518   0.01622097
    2    1
 -0.00936518  -0.01622097     0.00330814   0.00572987    -0.00330814  -0.00572987
  0.00330814   0.00572987    -0.00936518  -0.01622097     0.00330814   0.00572987
 -0.00330814  -0.00572987     0.00330814   0.00572987    -0.00936518  -0.01622097
    2    2
  0.04416526   0.00000000    -0.01479418   0.00000000     0.01479418   0.00000000
 -0.01479418   0.00000000     0.04416526   0.00000000    -0.01479418   0.00000000
  0.01479418   0.00000000    -0.01479418   0.00000000     0.04416526   0.00000000

     Dynamical  Matrix in cartesian axes

     q = (    0.333333333   0.333333333  -0.333333333 ) 

    1    1
  0.04220477   0.00000000     0.01529208   0.00000000    -0.01529208   0.00000000
  0.01529208   0.00000000     0.04220477   0.00000000    -0.01529208   0.00000000
 -0.01529208   0.00000000    -0.01529208   0.00000000     0.04220477   0.00000000
    1    2
 -0.00936518  -0.01622097    -0.00330814  -0.00572987     0.00330814   0.00572987
 -0.00330814  -0.00572987    -0.00936518  -0.01622097     0.00330814   0.00572987
  0.00330814   0.00572987     0.00330814   0.00572987    -0.00936518  -0.01622097
    2    1
 -0.00936518   0.01622097    -0.00330814   0.00572987     0.00330814  -0.00572987
 -0.00330814   0.00572987    -0.00936518   0.01622097     0.00330814  -0.00572987
  0.00330814  -0.00572987     0.00330814  -0.00572987    -0.00936518   0.01622097
    2    2
  0.04416526   0.00000000     0.01479418   0.00000000    -0.01479418   0.00000000
  0.01479418   0.00000000     0.04416526   0.00000000    -0.01479418   0.00000000
 -0.01479418   0.00000000    -0.01479418   0.00000000     0.04416526   0.00000000

     Dynamical  Matrix in cartesian axes

     q = (    0.333333333   0.333333333   0.333333333 ) 

    1    1
  0.04220477   0.00000000     0.01529208   0.00000000     0.01529208   0.00000000
  0.01529208   0.00000000     0.04220477   0.00000000     0.01529208   0.00000000
  0.01529208   0.00000000     0.01529208   0.00000000     0.04220477   0.00000000
    1    2
 -0.00936518   0.01622097    -0.00330814   0.00572987    -0.00330814   0.00572987
 -0.00330814   0.00572987    -0.00936518   0.01622097    -0.00330814   0.00572987
 -0.00330814   0.00572987    -0.00330814   0.00572987    -0.00936518   0.01622097
    2    1
 -0.00936518  -0.01622097    -0.00330814  -0.00572987    -0.00330814  -0.00572987
 -0.00330814  -0.00572987    -0.00936518  -0.01622097    -0.00330814  -0.00572987
 -0.00330814  -0.00572987    -0.00330814  -0.00572987    -0.00936518  -0.01622097
    2    2
  0.04416526   0.00000000     0.01479418   0.00000000     0.01479418   0.00000000
  0.01479418   0.00000000     0.04416526   0.00000000     0.01479418   0.00000000
  0.01479418   0.00000000     0.01479418   0.00000000     0.04416526   0.00000000

     Dynamical  Matrix in cartesian axes

     q = (   -0.333333333   0.333333333   0.333333333 ) 

    1    1
  0.04220477   0.00000000    -0.01529208   0.00000000    -0.01529208   0.00000000
 -0.01529208   0.00000000     0.04220477   0.00000000     0.01529208   0.00000000
 -0.01529208   0.00000000     0.01529208   0.00000000     0.04220477   0.00000000
    1    2
  0.01873036   0.00000000    -0.00661628  -0.00000000    -0.00661628  -0.00000000
 -0.00661628  -0.00000000     0.01873036   0.00000000     0.00661628   0.00000000
 -0.00661628  -0.00000000     0.00661628   0.00000000     0.01873036   0.00000000
    2    1
  0.01873036  -0.00000000    -0.00661628   0.00000000    -0.00661628   0.00000000
 -0.00661628   0.00000000     0.01873036  -0.00000000     0.00661628  -0.00000000
 -0.00661628   0.00000000     0.00661628  -0.00000000     0.01873036  -0.00000000
    2    2
  0.04416526   0.00000000    -0.01479418   0.00000000    -0.01479418   0.00000000
 -0.01479418   0.00000000     0.04416526   0.00000000     0.01479418   0.00000000
 -0.01479418   0.00000000     0.01479418   0.00000000     0.04416526   0.00000000

     Dynamical  Matrix in cartesian axes

     q = (    0.333333333  -0.333333333   0.333333333 ) 

    1    1
  0.04220477   0.00000000    -0.01529208   0.00000000     0.01529208   0.00000000
 -0.01529208   0.00000000     0.04220477   0.00000000    -0.01529208   0.00000000
  0.01529208   0.00000000    -0.01529208   0.00000000     0.04220477   0.00000000
    1    2
 -0.00936518  -0.01622097     0.00330814   0.00572987    -0.00330814  -0.00572987
  0.00330814   0.00572987    -0.00936518  -0.01622097     0.00330814   0.00572987
 -0.00330814  -0.00572987     0.00330814   0.00572987    -0.00936518  -0.01622097
    2    1
 -0.00936518   0.01622097     0.00330814  -0.00572987    -0.00330814   0.00572987
  0.00330814  -0.00572987    -0.00936518   0.01622097     0.00330814  -0.00572987
 -0.00330814   0.00572987     0.00330814  -0.00572987    -0.00936518   0.01622097
    2    2
  0.04416526   0.00000000    -0.01479418   0.00000000     0.01479418   0.00000000
 -0.01479418   0.00000000     0.04416526   0.00000000    -0.01479418   0.00000000
  0.01479418   0.00000000    -0.01479418   0.00000000     0.04416526   0.00000000

     Dynamical  Matrix in cartesian axes

     q = (   -0.333333333  -0.333333333  -0.333333333 ) 

    1    1
  0.04220477   0.00000000     0.01529208   0.00000000     0.01529208   0.00000000
  0.01529208   0.00000000     0.04220477   0.00000000     0.01529208   0.00000000
  0.01529208   0.00000000     0.01529208   0.00000000     0.04220477   0.00000000
    1    2
 -0.00936518  -0.01622097    -0.00330814  -0.00572987    -0.00330814  -0.00572987
 -0.00330814  -0.00572987    -0.00936518  -0.01622097    -0.00330814  -0.00572987
 -0.00330814  -0.00572987    -0.00330814  -0.00572987    -0.00936518  -0.01622097
    2    1
 -0.00936518   0.01622097    -0.00330814   0.00572987    -0.00330814   0.00572987
 -0.00330814   0.00572987    -0.00936518   0.01622097    -0.00330814   0.00572987
 -0.00330814   0.00572987    -0.00330814   0.00572987    -0.00936518   0.01622097
    2    2
  0.04416526   0.00000000     0.01479418   0.00000000     0.01479418   0.00000000
  0.01479418   0.00000000     0.04416526   0.00000000     0.01479418   0.00000000
  0.01479418   0.00000000     0.01479418   0.00000000     0.04416526   0.00000000

     Dynamical  Matrix in cartesian axes

     q = (    0.333333333  -0.333333333  -0.333333333 ) 

    1    1
  0.04220477   0.00000000    -0.01529208   0.00000000    -0.01529208   0.00000000
 -0.01529208   0.00000000     0.04220477   0.00000000     0.01529208   0.00000000
 -0.01529208   0.00000000     0.01529208   0.00000000     0.04220477   0.00000000
    1    2
  0.01873036  -0.00000000    -0.00661628   0.00000000    -0.00661628   0.00000000
 -0.00661628   0.00000000     0.01873036  -0.00000000     0.00661628  -0.00000000
 -0.00661628   0.00000000     0.00661628  -0.00000000     0.01873036  -0.00000000
    2    1
  0.01873036   0.00000000    -0.00661628  -0.00000000    -0.00661628  -0.00000000
 -0.00661628  -0.00000000     0.01873036   0.00000000     0.00661628   0.00000000
 -0.00661628  -0.00000000     0.00661628   0.00000000     0.01873036   0.00000000
    2    2
  0.04416526   0.00000000    -0.01479418   0.00000000    -0.01479418   0.00000000
 -0.01479418   0.00000000     0.04416526   0.00000000     0.01479418   0.00000000
 -0.01479418   0.00000000     0.01479418   0.00000000     0.04416526   0.00000000

     Dynamical  Matrix in cartesian axes

     q = (   -0.333333333  -0.333333333   0.333333333 ) 

    1    1
  0.04220477   0.00000000     0.01529208   0.00000000    -0.01529208   0.00000000
  0.01529208   0.00000000     0.04220477   0.00000000    -0.01529208   0.00000000
 -0.01529208   0.00000000    -0.01529208   0.00000000     0.04220477   0.00000000
    1    2
 -0.00936518   0.01622097    -0.00330814   0.00572987     0.00330814  -0.00572987
 -0.00330814   0.00572987    -0.00936518   0.01622097     0.00330814  -0.00572987
  0.00330814  -0.00572987     0.00330814  -0.00572987    -0.00936518   0.01622097
    2    1
 -0.00936518  -0.01622097    -0.00330814  -0.00572987     0.00330814   0.00572987
 -0.00330814  -0.00572987    -0.00936518  -0.01622097     0.00330814   0.00572987
  0.00330814   0.00572987     0.00330814   0.00572987    -0.00936518  -0.01622097
    2    2
  0.04416526   0.00000000     0.01479418   0.00000000    -0.01479418   0.00000000
  0.01479418   0.00000000     0.04416526   0.00000000    -0.01479418   0.00000000
 -0.01479418   0.00000000    -0.01479418   0.00000000     0.04416526   0.00000000

     Diagonalizing the dynamical matrix

     q = (   -0.333333333   0.333333333  -0.333333333 ) 

 **************************************************************************
     freq (    1) =       2.536997 [THz] =      84.625110 [cm-1]
 (  0.361516 -0.366960  0.208912 -0.102641 -0.152605  0.264319 ) 
 (  0.594756  0.154611  0.230653  0.154611 -0.364102  0.000000 ) 
     freq (    2) =       2.536997 [THz] =      84.625110 [cm-1]
 ( -0.097419 -0.016720 -0.310710  0.352709 -0.213290  0.369429 ) 
 ( -0.040835 -0.110621 -0.549728 -0.110621 -0.508893  0.000000 ) 
     freq (    3) =       4.046567 [THz] =     134.978948 [cm-1]
 ( -0.177252  0.307009  0.177252 -0.307009 -0.177252  0.307009 ) 
 ( -0.455698  0.000000  0.455698 -0.000000 -0.455698  0.000000 ) 
     freq (    4) =       4.159574 [THz] =     138.748461 [cm-1]
 (  0.418166 -0.531989  0.351020 -0.415688 -0.067146  0.116300 ) 
 ( -0.364083 -0.052263 -0.291086 -0.052263  0.072997  0.000000 ) 
     freq (    5) =       4.159574 [THz] =     138.748461 [cm-1]
 (  0.102879 -0.214837 -0.249463  0.395437 -0.352342  0.610274 ) 
 ( -0.129095  0.009960  0.253951  0.009960  0.383046 -0.000000 ) 
     freq (    6) =       6.776803 [THz] =     226.049818 [cm-1]
 (  0.257737 -0.446414 -0.257737  0.446414  0.257737 -0.446414 ) 
 ( -0.260036  0.000000  0.260036 -0.000000 -0.260036  0.000000 ) 
 **************************************************************************
